[02]00 111[03]
[02]02 111[03]
[02]00 2222[03]
[02]02 2222[03]
[02]00 33333[03]
[02]02 33333[03]
[02]00 444[03]
[02]02 444[03]
[02]00 111[03]
[02]02 111[03]
[02]00 2222[03]
[02]02 2222[03]
[02]00 33333[03]
[02]02 33333[03]
[02]00 444[03]
[02]02 444[03]
[02]00 111[03]
[02]02 111[03]
[02]00 111[03]
[02]02 111[03]
[02]00 2222[03]
[02]02 2222[03]
[02]00 33333[03]
[02]02 33333[03]
[02]00 444[03]
[02]02 444[03]
[02]00 111[03]
[02]02 111[03]
[02]00 2222[03]
[02]02 2222[03]
[02]00 33333[03]
[02]02 33333[03]
[02]00 444[03]
[02]02 444[03]
[02]00 111[03]
[02]02 111[03]
[02]00 111[03]
[02]02 111[03]
[02]00 2222[03]
[02]02 2222[03]
[02]00 33333[03]
[02]02 33333[03]
[02]00 444[03]
[02]02 444[03]
[02]00 111[03]
[02]02 111[03]
[02]00 2222[03]
[02]02 2222[03]
[02]00 33333[03]
[02]02 33333[03]
[02]00 444[03]
[02]02 444[03]
[02]00 111[03]
[02]02 111[03]
[02]00 111[03]
[02]02 111[03]
[02]00 2222[03]
[02]02 2222[03]
[02]00 33333[03]
[02]02 33333[03]
[02]00 444[03]
[02]02 444[03]
[02]00 111[03]
[02]02 111[03]
[02]00 2222[03]
[02]02 2222[03]
[02]00 33333[03]
[02]02 33333[03]
[02]00 444[03]
[02]02 444[03]
[02]00 111[03]
[02]02 111[03]
[02]00 111[03]
[02]02 111[03]
[02]00 2222[03]
[02]02 2222[03]
[02]00 33333[03]
[02]02 33333[03]
[02]00 444[03]
[02]02 444[03]
[02]00 111[03]
[02]02 111[03]
[02]00 2222[03]
[02]02 2222[03]
[02]00 33333[03]
[02]02 33333[03]
[02]00 444[03]
[02]02 444[03]
[02]00 111[03]
[02]02 111[03]
[02]00 111[03]
[02]02 111[03]
[02]00 2222[03]
[02]02 2222[03]
[02]00 33333[03]
[02]02 33333[03]
[02]00 444[03]
[02]02 444[03]
[02]00 111[03]
[02]02 111[03]
[02]00 2222[03]
[02]02 2222[03]
[02]00 33333[03]
[02]02 33333[03]
[02]00 444[03]
[02]02 444[03]
[02]00 111[03]
[02]02 111[03]
[02]00 111[03]
[02]02 111[03]
[02]00 2222[03]
[02]02 2222[03]
[02]00 33333[03]
[02]02 33333[03]
[02]00 444[03]
[02]02 444[03]
[02]00 111[03]
[02]02 111[03]
[02]00 2222[03]
[02]02 2222[03]
[02]00 33333[03]
[02]02 33333[03]
[02]00 444[03]
[02]02 444[03]
[02]00 111[03]
[02]02 111[03]
[02]00 111[03]
[02]02 111[03]
[02]00 2222[03]
[02]02 2222[03]
[02]00 33333[03]
[02]02 33333[03]
[02]00 444[03]
[02]02 444[03]
[02]00 111[03]
[02]02 111[03]
[02]00 2222[03]
[02]02 2222[03]
[02]00 33333[03]
[02]02 33333[03]
[02]00 444[03]
[02]02 444[03]
[02]00 111[03]
[02]02 111[03]
[02]00 111[03]
[02]02 111[03]
[02]00 2222[03]
[02]02 2222[03]
[02]00 33333[03]
[02]02 33333[03]
[02]00 444[03]
[02]02 444[03]
[02]00 111[03]
[02]02 111[03]
[02]00 2222[03]
[02]02 2222[03]
[02]00 33333[03]
[02]02 33333[03]
[02]00 444[03]
[02]02 444[03]
[02]00 111[03]
[02]02 111[03]
[02]00 111[03]
[02]02 111[03]
[02]00 2222[03]
[02]02 2222[03]
[02]00 33333[03]
[02]02 33333[03]
[02]00 444[03]
[02]02 444[03]
[02]00 111[03]
[02]02 111[03]
[02]00 2222[03]
[02]02 2222[03]
[02]00 33333[03]
[02]02 33333[03]
[02]00 444[03]
[02]02 444[03]
[02]00 111[03]
[02]02 111[03]
[02]00 111[03]
[02]02 111[03]
[02]00 2222[03]
[02]02 2222[03]
[02]00 33333[03]
[02]02 33333[03]
[02]00 444[03]
[02]02 444[03]
[02]00 111[03]
[02]02 111[03]
[02]00 2222[03]
[02]02 2222[03]
[02]00 33333[03]
[02]02 33333[03]
[02]00 444[03]
[02]02 444[03]
[02]00 111[03]
[02]02 111[03]
[02]00 111[03]
[02]02 111[03]
[02]00 2222[03]
[02]02 2222[03]
[02]00 33333[03]
[02]02 33333[03]
[02]00 444[03]
[02]02 444[03]
[02]00 111[03]
[02]02 111[03]
[02]00 2222[03]
[02]02 2222[03]
[02]00 33333[03]
[02]02 33333[03]
[02]00 444[03]
[02]02 444[03]
[02]00 111[03]
[02]02 111[03]
[02]00 111[03]
[02]02 111[03]
[02]00 2222[03]
[02]02 2222[03]
[02]00 33333[03]
[02]02 33333[03]
